0000|013|0|01072019|31072019|SANDRA DUARTE DA COSTA OLIVEIRA ME|26597779000168||SP|398149376117|3525003|||A|1|
0001|0|
0005|E&S|06602180|Rua Saturno|507||Vila Eunice|1147077958||mmadeirasilva5@gmail.com|
0100|MARCOS VINICIUS MADEIRA DA SILVA|32232720896|274240/O-0|||||||||mmadeirasilva5@gmail.com|3525003|
0150|00037535010857|BRUNO ATILIO FERNANDES DE MARTINI|1058||37535010857||3549904||Avenida Heitor Villa Lobos|1105||Vila Ema|
0150|31541495000190|SORVETERIA MIRACOLO LTDA|1058|31541495000190||11250238|3303807||RUA TENENTE FRANSCISCO ANTONIO|216|CENTRO HISTORICO|Centro|
0190|UN|UN1|
0200|0032030061006|MIRRA 300 Y09 220/60/1|SEM GTIN||UN|00|84385000||84||4||
0200|060090170676|C-TRONIC 9 VT 220/60/1|SEM GTIN||UN|00|84386000||84||4||
0200|161DF01|DISCO DF 1|SEM GTIN||UN|00|84389000||84||4||
0200|161DF05|DISCO DF 5|SEM GTIN||UN|00|84389000||84||4||
0200|161DF08|DISCO DF 8|SEM GTIN||UN|00|84389000||84||4||
0200|161DQ08|DISCO DQ 8|SEM GTIN||UN|00|84389000||84||4||
0200|161DT07|DISCO DT 7|SEM GTIN||UN|00|84389000||84||4||
0200|161DTV|DISCO DTV|SEM GTIN||UN|00|84389000||84||4||
0200|161PS08|DISCO PS 8|SEM GTIN||UN|00|84389000||84||4||
0200|17435|HASTE CICLONE 350 MM|||UN|00|84389000||84||4||
0200|174361066|CICLONE 36 VV 220/60/1|||UN|00|84388090||84||4||
0200|180051166|SOFTCOOKER SR 1/1 GN 220/60/1|SEM GTIN||UN|00|84198190||84||4||
0200|1900111226116|SIRIO 1 CR 220/60/1|SEM GTIN||UN|00|84388090||84||4||
0200|1900112226226|SIRIO 1 VV CAFFE CR 220/60/1|SEM GTIN||UN|00|84388090||84||4||
0200|191520110166|ORIONE Q VV 220/60/1|SEM GTIN||UN|00|84388090||84||4||
0200|3325201007BX6|EASYVAC 25 BX 220/60/1|SEM GTIN||UN|00|84224090||84||4||
0400|2102|venda|
0990|27|
B001|1|
B990|2|
C001|0|
C100|0|1|24964135000135|55|00|1|1781|42190724964135000135550010000017811324071214|18072019|18072019|574053|1|0|0|27306|0|0|0|0|27306|1092,24|0|0|0|450,56|2075,25|0|
C170|1|1900111226116||1|UN|656|0|0|100|2102|2102|656|4|26,24|0|0|0|0|||0|0|0|50|50|1,65|0|0|10,82|50|50|7,6|0|0|49,86||0|
C170|2|1900112226226||1|UN|809|0|0|100|2102|2102|809|4|32,36|0|0|0|0|||0|0|0|50|50|1,65|0|0|13,35|50|50|7,6|0|0|61,48||0|
C170|3|191520110166||2|UN|3442|0|0|100|2102|2102|3442|4|137,68|0|0|0|0|||0|0|0|50|50|1,65|0|0|56,79|50|50|7,6|0|0|261,59||0|
C170|4|0032030061006||2|UN|6336|0|0|100|2102|2102|6336|4|253,44|0|0|0|0|||0|0|0|50|50|1,65|0|0|104,54|50|50|7,6|0|0|481,54||0|
C170|5|174361066||1|UN|836|0|0|100|2102|2102|836|4|33,44|0|0|0|0|||0|0|0|50|50|1,65|0|0|13,79|50|50|7,6|0|0|63,54||0|
C170|6|17435||1|UN|399|0|0|100|2102|2102|399|4|15,96|0|0|0|0|00||0|0|0|50|50|1,65|0|0|6,58|50|50|7,6|0|0|30,32||0|
C170|7|161DF01||1|UN|212|0|0|100|2102|2102|212|4|8,48|0|0|0|0|00||0|0|0|50|50|1,65|0|0|3,5|50|50|7,6|0|0|16,11||0|
C170|8|161DF05||1|UN|187|0|0|100|2102|2102|187|4|7,48|0|0|0|0|00||0|0|0|50|50|1,65|0|0|3,09|50|50|7,6|0|0|14,21||0|
C170|9|161DF08||1|UN|181|0|0|100|2102|2102|181|4|7,24|0|0|0|0|00||0|0|0|50|50|1,65|0|0|2,99|50|50|7,6|0|0|13,76||0|
C170|10|161PS08||1|UN|383|0|0|100|2102|2102|383|4|15,32|0|0|0|0|00||0|0|0|50|50|1,65|0|0|6,32|50|50|7,6|0|0|29,11||0|
C170|11|161DQ08||1|UN|290|0|0|100|2102|2102|290|4|11,6|0|0|0|0|00||0|0|0|50|50|1,65|0|0|4,79|50|50|7,6|0|0|22,04||0|
C170|12|161DTV||1|UN|170|0|0|100|2102|2102|170|4|6,8|0|0|0|0|00||0|0|0|50|50|1,65|0|0|2,81|50|50|7,6|0|0|12,92||0|
C170|13|161DT07||1|UN|164|0|0|100|2102|2102|164|4|6,56|0|0|0|0|00||0|0|0|50|50|1,65|0|0|2,71|50|50|7,6|0|0|12,46||0|
C170|14|180051166||1|UN|2130|0|0|100|2102|2102|2130|4|85,2|0|0|0|0|||0|0|0|50|50|1,65|0|0|35,15|50|50|7,6|0|0|161,88||0|
C170|15|3325201007BX6||1|UN|5654|0|0|100|2102|2102|5654|4|226,16|0|0|0|0|||0|0|0|50|50|1,65|0|0|93,29|50|50|7,6|0|0|429,7||0|
C170|16|060090170676||1|UN|5457|0|0|100|2102|2102|5457|4|218,28|0|0|0|0|||0|0|0|50|50|1,65|0|0|90,04|50|50|7,6|0|0|414,73||0|
C190|100|2102|4|27405,3|27306|1092,24|0|0|0|0||
C100|1|0|31541495000190|55|00|1|3|35190726597779000168550010000000031166523130|03072019|03072019|11000|0|0|0|11000|1|0|0|0|11000|1320|0|1095,06|0|71,5|330|0|0|
C190|070|6102|12|11000|11000|1320|0|1095,06|0|0||
C191|0|268,34|0|
C100|1|0|00037535010857|55|00|1|4|35190726597779000168550010000000041172371166|25072019|25072019|1835|0|0|0|4835|9|0|0|0|4409,52|529,14|0|0|0|31,43|145,05|0|0|
C190|220|5102|12|4835|4409,52|529,14|0|0|425,48|0||
C100|1|0|02580764000471|55|00|1|5|35190726597779000168550010000000051172392837|25072019|25072019|2772|2|0|0|2772|9|0|0|0|2528,06|303,37|0|0|0|18,02|83,16|0|0|
C190|220|5102|12|2772|2528,06|303,37|0|0|243,94|0||
C990|27|
D001|1|
D990|2|
E001|0|
E100|01072019|31072019|
E110|2152,51|0|0|0|1092,24|0|0|0|0|1060,27|0|1060,27|0|0|
E116|000|1060,27|31082019|046-2|||||072019|
E200|RJ|0.00|31072019|
E210|1|0|0|0|0|0|1095,06|0|0|1095,06|0|1095,06|0|0|
E250|002|1095,06|03072019|0213|||||072019|
E990|8|
G001|1|
G990|2|
H001|1|
H990|2|
K001|1|
K990|2|
1001|0|
1010|N|N|N|N|N|N|N|N|N|N|N|N|
1990|3|
9001|0|
9900|0000|1|
9900|0001|1|
9900|0005|1|
9900|0100|1|
9900|0150|4|
9900|0190|1|
9900|0200|16|
9900|0400|1|
9900|0990|1|
9900|1001|1|
9900|1010|1|
9900|1990|1|
9900|9001|1|
9900|9990|1|
9900|9999|1|
9900|B001|1|
9900|B990|1|
9900|C001|1|
9900|C100|4|
9900|C170|16|
9900|C190|4|
9900|C191|1|
9900|C990|1|
9900|D001|1|
9900|D990|1|
9900|E001|1|
9900|E100|1|
9900|E110|1|
9900|E116|1|
9900|E200|1|
9900|E210|1|
9900|E250|1|
9900|E990|1|
9900|G001|1|
9900|G990|1|
9900|H001|1|
9900|H990|1|
9900|K001|1|
9900|K990|1|
9900|9900|40|
9990|43|
9999|118|